spawns: 
  default: 
    world: world
    x: 3224.858074691016
    y: 69.0
    z: 1107.5119792956048
    yaw: 90.055
    pitch: 4.6437977E-5
